Demands = [
 0.0000     163.8726   81.9363    163.8726   409.6814   245.8088   327.7451   327.7451   327.7451   245.8088   327.7451  ;
 176.2401   0.0000     44.0600    88.1201    220.3002   132.1801   176.2401   176.2401   176.2401   132.1801   176.2401  ;
 226.9713   113.4856   0.0000     113.4856   283.7141   170.2285   226.9713   226.9713   226.9713   170.2285   226.9713  ;
 193.2253   96.6126    48.3063    0.0000     241.5316   144.9189   193.2253   193.2253   193.2253   144.9189   193.2253  ;
 743.8914   371.9457   185.9728   371.9457   0.0000     557.9185   743.8914   743.8914   743.8914   557.9185   743.8914  ;
 274.6799   137.3399   68.6700    137.3399   343.3498   0.0000     274.6799   274.6799   274.6799   206.0099   274.6799  ;
 303.6975   151.8487   75.9244    151.8487   379.6218   227.7731   0.0000     303.6975   303.6975   227.7731   303.6975  ;
 710.9529   355.4764   177.7382   355.4764   888.6911   533.2146   710.9529   0.0000     710.9529   533.2146   710.9529  ;
 936.8659   468.4330   234.2165   468.4330   1171.0824  702.6495   936.8659   936.8659   0.0000     702.6495   936.8659  ;
 286.7212   143.3606   71.6803    143.3606   358.4015   215.0409   286.7212   286.7212   286.7212   0.0000     286.7212  ;
 963.3560   481.6780   240.8390   481.6780   1204.1950  722.5170   963.3560   963.3560   963.3560   722.5170   0.0000    ];
