Demands = [
 0.0000     497.5946   248.7973   497.5946   1243.9866  746.3920   995.1893   995.1893   995.1893   746.3920   995.1893  ;
 349.5403   0.0000     87.3851    174.7702   436.9254   262.1552   349.5403   349.5403   349.5403   262.1552   349.5403  ;
 119.3603   59.6802    0.0000     59.6802    149.2004   89.5202    119.3603   119.3603   119.3603   89.5202    119.3603  ;
 164.0194   82.0097    41.0048    0.0000     205.0242   123.0145   164.0194   164.0194   164.0194   123.0145   164.0194  ;
 716.4522   358.2261   179.1130   358.2261   0.0000     537.3391   716.4522   716.4522   716.4522   537.3391   716.4522  ;
 557.4012   278.7006   139.3503   278.7006   696.7515   0.0000     557.4012   557.4012   557.4012   418.0509   557.4012  ;
 295.4091   147.7046   73.8523    147.7046   369.2614   221.5568   0.0000     295.4091   295.4091   221.5568   295.4091  ;
 929.9549   464.9775   232.4887   464.9775   1162.4437  697.4662   929.9549   0.0000     929.9549   697.4662   929.9549  ;
 714.7334   357.3667   178.6834   357.3667   893.4168   536.0501   714.7334   714.7334   0.0000     536.0501   714.7334  ;
 445.3549   222.6775   111.3387   222.6775   556.6936   334.0162   445.3549   445.3549   445.3549   0.0000     445.3549  ;
 792.6498   396.3249   198.1624   396.3249   990.8122   594.4873   792.6498   792.6498   792.6498   594.4873   0.0000    ];
