Demands = [
 0.0000     105.7336   52.8668    105.7336   264.3340   158.6004   211.4672   211.4672   211.4672   158.6004   211.4672  ;
 51.1255    0.0000     12.7814    25.5628    63.9069    38.3441    51.1255    51.1255    51.1255    38.3441    51.1255   ;
 173.1658   86.5829    0.0000     86.5829    216.4573   129.8744   173.1658   173.1658   173.1658   129.8744   173.1658  ;
 390.3870   195.1935   97.5968    0.0000     487.9838   292.7903   390.3870   390.3870   390.3870   292.7903   390.3870  ;
 730.1718   365.0859   182.5429   365.0859   0.0000     547.6288   730.1718   730.1718   730.1718   547.6288   730.1718  ;
 416.0405   208.0203   104.0101   208.0203   520.0506   0.0000     416.0405   416.0405   416.0405   312.0304   416.0405  ;
 749.5533   374.7766   187.3883   374.7766   936.9416   562.1650   0.0000     749.5533   749.5533   562.1650   749.5533  ;
 370.4539   185.2269   92.6135    185.2269   463.0674   277.8404   370.4539   0.0000     370.4539   277.8404   370.4539  ;
 825.7997   412.8998   206.4499   412.8998   1032.2496  619.3498   825.7997   825.7997   0.0000     619.3498   825.7997  ;
 693.3108   346.6554   173.3277   346.6554   866.6385   519.9831   693.3108   693.3108   693.3108   0.0000     693.3108  ;
 878.0029   439.0015   219.5007   439.0015   1097.5036  658.5022   878.0029   878.0029   878.0029   658.5022   0.0000    ];
