Demands = [
 0.0000     439.4557   219.7278   439.4557   1098.6392  659.1835   878.9114   878.9114   878.9114   659.1835   878.9114  ;
 224.4257   0.0000     56.1064    112.2128   280.5321   168.3193   224.4257   224.4257   224.4257   168.3193   224.4257  ;
 65.5548    32.7774    0.0000     32.7774    81.9435    49.1661    65.5548    65.5548    65.5548    49.1661    65.5548   ;
 361.1811   180.5906   90.2953    0.0000     451.4764   270.8858   361.1811   361.1811   361.1811   270.8858   361.1811  ;
 702.7325   351.3663   175.6831   351.3663   0.0000     527.0494   702.7325   702.7325   702.7325   527.0494   702.7325  ;
 698.7618   349.3809   174.6905   349.3809   873.4523   0.0000     698.7618   698.7618   698.7618   524.0714   698.7618  ;
 741.2650   370.6325   185.3162   370.6325   926.5812   555.9487   0.0000     741.2650   741.2650   555.9487   741.2650  ;
 589.4560   294.7280   147.3640   294.7280   736.8199   442.0920   589.4560   0.0000     589.4560   442.0920   589.4560  ;
 603.6672   301.8336   150.9168   301.8336   754.5840   452.7504   603.6672   603.6672   0.0000     452.7504   603.6672  ;
 197.3991   98.6995    49.3498    98.6995    246.7488   148.0493   197.3991   197.3991   197.3991   0.0000     197.3991  ;
 707.2966   353.6483   176.8242   353.6483   884.1208   530.4725   707.2966   707.2966   707.2966   530.4725   0.0000    ];
